%YAML:1.0
Matrix: !!opencv-matrix
   rows: 1
   cols: 256
   dt: d
   data: [1, 0.972604477112062, 0.894839316790300, 0.778800782965928, 0.641180388025583, 0.499351787217465, 0.367879436947304, 0.256375745125235, 0.169013287069359, 0.105399162354537, 0.0621764016917616, 0.0346964701262050, 0.0183152986616173, 0.00914546569430611, 0.00431962904390883, 0.00192976005344120, 0.000815280055225152, 0.000325624966164997, 0.000122878225953407, 4.37643553512172e-05, 1.46859209059524e-05, 4.63075081409080e-06, 1.36666826444135e-06, 3.75434268363135e-07, 9.52688040239379e-08, 2.20943396740485e-08, 4.60930225122272e-09, 8.42160365854036e-10, 1.27438685733475e-10, 1.34494601749161e-11, 5.55618937861107e-17, 1.12032636909055e-16, 6.13676776094641e-17, 5.15647653594406e-17, 3.82711481938184e-17, 4.94124654373875e-17, 5.31021224466214e-17, -3.58837230701965e-17, -1.38904734465277e-17, -1.96781707159142e-17, 3.47261836163192e-18, -6.71372883248838e-17, -4.28289597934603e-17, -7.87126828636568e-17, -1.04178550848958e-16, -3.70412625240738e-17, -3.62906705344502e-17, -2.64787150074434e-17, -3.92839952159611e-17, -5.68641256717227e-17, -3.35686441624419e-17, -3.40027214576459e-17, 8.39216104061047e-18, -3.47261836163192e-18, -6.36646699632518e-18, 8.10277617714114e-18, 1.04178550848958e-17, 8.10277617714114e-18, 4.28289597934603e-17, 9.26031563101845e-18, -1.85206312620369e-17, 2.08809265547086e-17, 1.77429094414631e-17, 3.21217198450952e-17, 3.98627649428997e-17, 1.92440934207102e-17, -5.49831240591720e-18, 5.75875878303960e-17, 1.50480129004050e-17, 1.15753945387731e-18, -3.47261836163192e-18, -3.81988019779511e-17, -1.38904734465277e-17, -6.25071305093745e-17, -3.24111047085646e-17, -1.85206312620369e-17, -2.23368941490386e-17, 1.53916574257748e-17, -1.42160314179307e-17, 2.74915620295860e-17, 1.22988566974464e-17, 3.35686441624419e-17, 5.15105056975401e-17, 2.83597166199940e-17, 1.73630918081596e-17, 1.15753945387731e-18, 2.31507890775461e-17, -1.15753945387731e-17, -4.63015781550923e-18, -1.62055523542823e-17, 3.70412625240738e-17, 2.33949575560984e-17, 4.55781159964189e-18, 1.75077842398943e-17, 5.20892754244788e-18, 7.10439839817197e-17, 4.42758841108070e-17, 4.63015781550922e-17, 2.02569404428529e-17, -6.94523672326384e-18, 5.20892754244788e-17, 3.70412625240738e-17, 1.85206312620369e-17, 2.31507890775461e-17, -1.62055523542823e-17, 9.26031563101845e-18, -7.04471277008142e-18, -2.19570765157352e-17, -2.09080563856588e-17, 5.81663575573346e-17, -2.12697874649955e-17, 8.10277617714114e-18, -8.68154590407980e-18, -8.68154590407980e-18, 6.94523672326384e-18, -5.78769726938653e-17, -3.24111047085646e-17, -6.94523672326384e-18, 2.31507890775461e-17, -4.63015781550923e-18, -2.31507890775461e-18, 1.55544364114763e-18, 4.46376151901436e-17, -3.47261836163192e-18, 4.47099614060110e-17, 1.33117037195890e-17, 2.37295588044848e-17, 1.77971691033636e-17, 2.51764831218314e-17, 5.61406635130494e-17, 1.04178550848958e-17, 2.66234074391780e-17, -2.66234074391780e-17, 1.96781707159142e-17, 4.63015781550923e-18, -2.31507890775461e-18, -1.54459170876753e-17, 1.55544364114763e-17, -4.05138808857057e-17, -9.98377778969177e-18, -5.72982029669267e-17, -2.14144798967302e-17, -2.96619485056060e-17, -3.03854106642793e-17, 2.83597166199940e-17, -1.73630918081596e-17, -5.78769726938653e-18, -5.90345121477426e-17, -3.47261836163192e-18, -1.38904734465277e-17, 9.26031563101845e-18, -2.21560286093703e-18, 3.43644525369825e-18, 1.16477407546404e-17, 3.90669565683591e-17, 3.97904187270324e-17, 2.43083285314234e-17, 6.19283607824359e-17, 5.15105056975401e-17, 6.94523672326384e-18, 4.39864992473376e-17, 4.63015781550923e-18, 5.32468148783561e-17, 3.24111047085646e-17, -5.09317359706015e-17, 3.70412625240738e-17, 3.21669362300123e-17, 1.39628196623950e-17, 1.95334782841795e-17, 4.05138808857057e-18, 4.00798035905017e-17, 5.75875878303960e-17, 3.81988019779511e-17, 2.48870982583621e-17, 2.08357101697915e-17, 2.19932496236688e-17, 3.70412625240738e-17, 1.85206312620369e-17, -4.63015781550923e-18, 1.62055523542823e-17, -1.85206312620369e-17, -5.17456308991090e-17, 3.12897383626209e-18, -2.28252311061431e-17, -2.74915620295860e-17, -3.03854106642793e-18, -1.96781707159142e-17, 1.56267826273436e-17, 1.73630918081596e-18, 3.35686441624419e-17, 8.10277617714114e-18, 1.38904734465277e-17, -2.54658679853007e-17, 2.31507890775461e-17, 5.32468148783561e-17, -1.85206312620369e-17, 1.61603359693652e-17, 7.77721820573815e-19, 4.91954267897855e-18, -2.82150241882593e-18, 8.53685347234513e-18, -4.08032657491751e-17, 3.27004895720339e-17, 1.15753945387731e-18, -3.81988019779511e-17, -1.50480129004050e-17, -1.73630918081596e-17, -4.63015781550923e-18, -3.00960258008100e-17, -4.16714203395830e-17, -3.70412625240738e-17, -3.77918545136974e-17, -4.76038100407042e-17, -5.33191610942234e-17, -3.57390306384618e-17, -5.90345121477426e-17, -3.03854106642793e-18, -1.99675555793835e-17, 3.47261836163192e-18, 4.34077295203990e-17, 2.89384863469327e-17, 8.21853012252887e-17, 2.89384863469327e-17, 3.12535652546873e-17, 2.77809468930554e-17, 5.55618937861107e-17, 1.34494963073292e-11, 1.27438772530847e-10, 8.42160277248008e-10, 4.60930223147220e-09, 2.20943397172392e-08, 9.52688040171374e-08, 3.75434268341141e-07, 1.36666826445061e-06, 4.63075081407344e-06, 1.46859209059675e-05, 4.37643553512172e-05, 0.000122878225953395, 0.000325624966164989, 0.000815280055225140, 0.00192976005344120, 0.00431962904390886, 0.00914546569430610, 0.0183152986616173, 0.0346964701262049, 0.0621764016917615, 0.105399162354537, 0.169013287069359, 0.256375745125235, 0.367879436947304, 0.499351787217465, 0.641180388025583, 0.778800782965928, 0.894839316790300, 0.972604477112062, 1]

