%YAML:1.0
Matrix: !!opencv-matrix
   rows: 1
   cols: 800
   dt: d
   data: [1, 0.972604477112062, 0.894839316790299, 0.778800782965928, 0.641180388025583, 0.499351787217465, 0.367879436947304, 0.256375745125235, 0.169013287069359, 0.105399162354537, 0.0621764016917615, 0.0346964701262050, 0.0183152986616172, 0.00914546569430610, 0.00431962904390881, 0.00192976005344130, 0.000815280055225177, 0.000325624966165021, 0.000122878225953349, 4.37643553511725e-05, 1.46859209060089e-05, 4.63075081410445e-06, 1.36666826441426e-06, 3.75434268323729e-07, 9.52688039660117e-08, 2.20943396346429e-08, 4.60930220157167e-09, 8.42160183012059e-10, 1.27438698343266e-10, 1.34493356532250e-11, -4.72867181158389e-17, 4.72867181158389e-17, -9.45734362316778e-17, -9.45734362316778e-17, -1.18216795289597e-17, 1.71103280075011e-17, -2.10821695316753e-17, -4.97078390667315e-17, -2.71146786510484e-17, -2.19910369069601e-17, -4.37829293101365e-18, -1.49849023716696e-17, -5.43173849450737e-18, -6.29181185867485e-18, 5.76075984858486e-18, -3.11704440704993e-18, 7.13456830946983e-18, 4.73328965514989e-17, -3.41720423883992e-18, -1.66242368375996e-17, 2.68296711184594e-17, 1.18216795289597e-17, -6.31684021003354e-18, -2.31386431869168e-17, -6.42890408954047e-18, -5.22407984164881e-17, -1.84468419700552e-17, -3.39382640578705e-17, -1.93718537593695e-17, -3.12743455507343e-17, -2.71644647769944e-17, -2.85151840200493e-17, -3.68503916566791e-17, -1.58392034313796e-17, -6.73281591922784e-17, -1.05286833304798e-17, 2.51210689990394e-17, 1.04363264591598e-17, -1.18216795289597e-17, 1.59228116537562e-17, 2.00933918165570e-17, -2.54894141772336e-17, -5.68283373840862e-18, 3.23826280065742e-18, 8.61805055504730e-18, -1.08807939023872e-17, 2.42436787214994e-18, 5.01036026910988e-18, 4.20223764505990e-18, 1.63471662236396e-17, 1.20525717072597e-17, -2.07802960469995e-17, 3.52803248442392e-17, 4.62707925313189e-17, 2.03185116903995e-18, -4.13758783513590e-17, -6.41845982616268e-17, -6.62794036261564e-17, -5.22444061067741e-17, -7.15520429790539e-17, -4.86085758366064e-17, -5.26145551301113e-17, -4.32461049955890e-17, -4.06601125986290e-17, -3.25327079224692e-17, -4.09140939947590e-17, -2.51210689990394e-17, -2.65987789401594e-17, -3.72198191419591e-17, -6.26179587549585e-17, 2.56752102269594e-17, -6.09555350711986e-18, 5.91083976447986e-18, 1.45921150917882e-17, 1.87426725735021e-17, 1.74576132936512e-17, -1.71697196088333e-17, 1.33051617745372e-17, 2.33720607484169e-17, 1.74900825062246e-17, 3.12397117239893e-17, 2.69682064254394e-17, 2.78917751386393e-17, 2.45207493354594e-17, 2.12420804035995e-17, 1.25605344995197e-17, -1.21911070142397e-17, 3.26943324472792e-17, 1.62548093523196e-17, 1.77325192934396e-17, -2.41937122110392e-17, 5.82129689158289e-17, -1.19378471561669e-17, 1.21333839696647e-17, -1.79547530150533e-17, -9.57048079053477e-18, -5.88775054664986e-19, -1.47770994111997e-18, 8.31211841879980e-19, -1.43614934902597e-17, -1.01592558451998e-18, -1.08981108157597e-17, -3.41720423883992e-18, -3.14013362487993e-18, -2.77070613959993e-18, -4.63631494026389e-17, -1.77325192934396e-17, -1.77251235283534e-17, -2.70876209739039e-17, -3.53697955633304e-18, 2.29131625440457e-17, 1.98394104204270e-17, -8.08122624049981e-19, -1.06672186374597e-17, -5.44905540787987e-18, -8.40447529011980e-18, -2.95541988223993e-18, -1.40382444406397e-17, -1.08981108157597e-17, -4.43312982335989e-18, 8.49683216143980e-18, 2.30892178299995e-17, -3.32484736751992e-18, -1.77325192934396e-17, -8.71257204053886e-19, 1.48921847313211e-17, -6.84306693436609e-18, 2.01135948821583e-17, -1.64452953994171e-17, -1.93256753237095e-17, -1.05517725483097e-17, -1.75708947686296e-17, -2.31815747013195e-17, -2.49825336920594e-17, -3.86051722117591e-17, -4.18376627079590e-17, -3.23249049619992e-17, -1.29299619847997e-18, -2.80764888812793e-17, 1.66242368375996e-17, -5.91083976447986e-18, 3.09648057242008e-18, -9.60078538893665e-18, 3.40724701365073e-17, 2.92655835995243e-18, 2.29795440453070e-17, 2.71067417324194e-17, 1.57699357778896e-17, 1.99029057694595e-17, 2.13344372749195e-17, 1.74554486794796e-17, 2.02261548190795e-17, 2.54904964843194e-17, 2.60446377122394e-17, 1.86560880066396e-17, 4.71020043731989e-17, 3.69427485279991e-17, -1.18216795289597e-17, 3.27217508934524e-19, 5.40417574072281e-17, 1.76820116294365e-17, 3.06797981916118e-17, -4.85450804875739e-18, 1.92217738434745e-17, 1.41536905297897e-17, 4.41004060552990e-18, 3.74045328845991e-18, 5.07962792259988e-18, 3.32484736751992e-18, -5.17198479391988e-18, 7.57326344823982e-18, 1.38535306979997e-17, -2.58599239695994e-18, 1.95796567198395e-17, -1.77325192934396e-17, 1.36370692808434e-17, 2.09924282358126e-17, -1.21146239801778e-17, -1.71148827164871e-17, -6.13595963832235e-18, 7.93114632460481e-18, -7.57326344823982e-18, 1.33917463413997e-18, 4.75637887297989e-18, 9.23568713199978e-19, 7.29619283427983e-18, 5.54141227919987e-18, 1.44076719259197e-17, 3.69427485279991e-17, -1.10828245583997e-17, 3.98981684102391e-17, -5.31975578803187e-17, -2.44556305257982e-17, -3.29836692082114e-17, -1.09067692724460e-17, -4.68999737171864e-18, -2.37761220604419e-17, -1.81019467787196e-17, -1.17062334398097e-17, -4.47930825901989e-18, 3.41720423883992e-18, 9.23568713199978e-18, 2.07802960469995e-17, 1.99490842051195e-17, 2.53057827416794e-17, 3.36179011604792e-17, 2.47516415137594e-17, 2.29045040873595e-17, 0, 1.98585311789425e-17, 1.51472484345368e-17, 2.15436833115039e-17, 9.52430235487477e-19, -1.03901480234998e-18, -4.02906851133490e-18, 3.46338267449992e-18, 3.50956111015992e-18, 4.34077295203990e-18, 1.84713742639996e-18, 4.61784356599989e-18, -2.16115078888795e-17, 1.10828245583997e-17, 3.69427485279991e-18, 1.10828245583997e-18, 4.06370233807990e-18, -2.06879391756795e-17, -4.72968196486395e-19, 5.31557086730019e-18, -3.35933688665348e-17, -2.13459818838345e-17, -9.78405605546227e-18, -5.40287697221987e-18, 9.69747148859977e-19, -6.46498099239985e-18, -7.38854970559983e-19, 7.20383596295983e-18, 3.50956111015992e-18, 1.62548093523196e-17, 7.94269093351981e-18, -1.40382444406397e-17, 5.02421379980788e-17, -9.60511461727977e-18, 3.25096187046392e-17, -2.31815747013195e-17, 3.07880289001899e-18, 1.09832523065079e-17, 4.47353595456239e-18, 3.46107375271692e-17, 4.11911646087190e-17, 2.93694850797593e-17, 2.62755298905394e-17, 2.22580059881195e-17, 1.93949429771995e-17, 2.32739315726394e-17, 9.42040087463978e-18, -3.69427485279991e-18, -3.10319087635193e-17, -6.16943900417585e-17, -3.58344660721591e-17, -6.50192374092785e-17, -2.87731338754939e-17, -6.00528909616570e-17, -7.11465385909146e-17, -2.23445905549820e-17, -1.60527786963071e-17, -1.20179378805147e-17, -5.91083976447986e-18, 2.90924144657993e-18, 1.38535306979997e-18, 6.64969473503984e-18, -1.20063932715997e-17, 1.21911070142397e-17, 2.17962216315195e-17, 9.23568713199978e-18, 1.84713742639996e-17, 4.58090081747189e-17, 2.36433590579194e-17, 3.71418930317829e-17, 5.16419218290225e-17, 2.18626031327807e-17, 7.35391587885483e-18, 1.51349822875646e-17, 9.16641947850978e-18, 8.79699199322979e-18, -1.61624524809996e-18, -6.28026724975985e-18, -9.42040087463978e-18, -2.91847713371193e-17, -1.25605344995197e-17, -3.47261836163192e-17, -1.44076719259197e-17, -3.17707637340793e-17, -1.88408017492796e-17, -5.76306877036786e-17, -1.11979098785211e-17, -2.81089580938528e-17, -2.10227328342145e-17, -2.53115550461369e-17, 4.15028690494240e-18, -2.42321341125844e-17, -1.05286833304798e-17, 4.66402200165989e-18, 1.13598951723597e-17, 8.40447529011980e-18, -9.97454210255976e-18, 5.54141227919987e-19, 1.18216795289597e-17, 2.06879391756795e-17, 2.58599239695994e-18, 1.32993894700797e-17, -2.65987789401594e-17, -6.74565929664578e-18, 1.62331632106040e-17, 1.36385123569578e-17, 2.00039210974658e-17, -1.52157945499696e-17, 1.40844228762997e-17, 1.03439695878398e-17, 2.15191510175595e-17, 2.47516415137594e-17, 1.59777387383596e-17, 1.97643704624795e-17, 3.17707637340793e-17, 2.84459163665593e-17, -1.51465268964796e-17, 